   0.0    0.000000    0.200000
   0.5    0.099918    0.198912
   1.0    0.198913    0.196313
   1.5    0.296235    0.192231
   2.0    0.391150    0.186712
   2.5    0.482953    0.179814
   3.0    0.570973    0.171613
   3.5    0.654576    0.162192
   4.0    0.733177    0.151648
   4.5    0.806237    0.140081
   5.0    0.873271    0.127599
   5.5    0.933850    0.114314
   6.0    0.987600    0.100341
   6.5    1.034206    0.085794
   7.0    1.073410    0.070793
   7.5    1.105015    0.055456
   8.0    1.128882    0.039906
   8.5    1.144937    0.024267
   9.0    1.153167    0.008670
   9.5    1.153624   -0.006754
  10.0    1.146431   -0.021865
  10.5    1.131778   -0.036518
  11.0    1.109932   -0.050563
  11.5    1.081235   -0.063846
  12.0    1.046105   -0.076211
  12.5    1.005042   -0.087505
  13.0    0.958619   -0.097576
  13.5    0.907483   -0.106285
  14.0    0.852349   -0.113507
  14.5    0.793989   -0.119138
  15.0    0.733221   -0.123098
  15.5    0.670898   -0.125337
  16.0    0.607889   -0.125837
  16.5    0.545061   -0.124615
  17.0    0.483270   -0.121720
  17.5    0.423335   -0.117232
  18.0    0.366029   -0.111259
  18.5    0.312063   -0.103936
  19.0    0.262079   -0.095412
  19.5    0.216635   -0.085853
  20.0    0.176208   -0.075433
  20.5    0.141183   -0.064331
  21.0    0.111858   -0.052726
  21.5    0.088437   -0.040799
  22.0    0.071039   -0.028724
  22.5    0.059694   -0.016672
  23.0    0.054348   -0.004810
  23.5    0.054866    0.006703
  24.0    0.061033    0.017712
  24.5    0.072561    0.028071
  25.0    0.089088    0.037640
  25.5    0.110186    0.046291
  26.0    0.135364    0.053903
  26.5    0.164076    0.060372
  27.0    0.195725    0.065606
  27.5    0.229673    0.069532
  28.0    0.265250    0.072095
  28.5    0.301764    0.073263
  29.0    0.338511    0.073021
  29.5    0.374785    0.071379
  30.0    0.409893    0.068368
  30.5    0.443158    0.064035
  31.0    0.473935    0.058448
  31.5    0.501614    0.051687
  32.0    0.525631    0.043844
  32.5    0.545469    0.035019
  33.0    0.560662    0.025320
  33.5    0.570801    0.014855
  34.0    0.575530    0.003736
  34.5    0.574551   -0.007926
  35.0    0.567618   -0.020023
  35.5    0.554541   -0.032444
  36.0    0.535187   -0.045083
  36.5    0.509473   -0.057830
  37.0    0.477371   -0.070575
  37.5    0.438912   -0.083207
  38.0    0.394179   -0.095607
  38.5    0.343319   -0.107654
  39.0    0.286541   -0.119217
  39.5    0.224118   -0.130162
  40.0    0.156394   -0.140347
  40.5    0.083787   -0.149623
  41.0    0.006787   -0.157842
  41.5   -0.074039   -0.164854
  42.0   -0.158053   -0.170519
  42.5   -0.244545   -0.174702
  43.0   -0.332744   -0.177288
  43.5   -0.421825   -0.178184
  44.0   -0.510922   -0.177320
  44.5   -0.599143   -0.174661
  45.0   -0.685584   -0.170202
  45.5   -0.769349   -0.163972
  46.0   -0.849564   -0.156033
  46.5   -0.925393   -0.146477
  47.0   -0.996055   -0.135422
  47.5   -1.060831   -0.123004
  48.0   -1.119077   -0.109379
  48.5   -1.170229   -0.094710
  49.0   -1.213808   -0.079168
  49.5   -1.249419   -0.062927
  50.0   -1.276756   -0.046160
  50.5   -1.295600   -0.029038
  51.0   -1.305816   -0.011732
  51.5   -1.307354    0.005590
  52.0   -1.300247    0.022761
  52.5   -1.284614    0.039616
  53.0   -1.260653    0.055987
  53.5   -1.228648    0.071710
  54.0   -1.188964    0.086619
  54.5   -1.142049    0.100552
  55.0   -1.088432    0.113350
  55.5   -1.028718    0.124864
  56.0   -0.963585    0.134959
  56.5   -0.893774    0.143516
  57.0   -0.820082    0.150438
  57.5   -0.743347    0.155656
  58.0   -0.664434    0.159129
  58.5   -0.584221    0.160851
  59.0   -0.503583    0.160846
  59.5   -0.423372    0.159171
  60.0   -0.344406    0.155912
  60.5   -0.267452    0.151178
  61.0   -0.193217    0.145100
  61.5   -0.122339    0.137824
  62.0   -0.055379    0.129503
  62.5    0.007180    0.120298
  63.0    0.064935    0.110367
  63.5    0.117563    0.099868
  64.0    0.164819    0.088952
  64.5    0.206531    0.077765
  65.0    0.242600    0.066445
  65.5    0.272991    0.055121
  66.0    0.297736    0.043918
  66.5    0.316924    0.032953
  67.0    0.330702    0.022335
  67.5    0.339272    0.012172
  68.0    0.342887    0.002563
  68.5    0.341848   -0.006395
  69.0    0.336503   -0.014612
  69.5    0.327246   -0.022004
  70.0    0.314510   -0.028492
  70.5    0.298763   -0.034009
  71.0    0.280508   -0.038495
  71.5    0.260275   -0.041900
  72.0    0.238613   -0.044190
  72.5    0.216088   -0.045342
  73.0    0.193272   -0.045350
  73.5    0.170738   -0.044220
  74.0    0.149050   -0.041977
  74.5    0.128757   -0.038660
  75.0    0.110386   -0.034320
  75.5    0.094431   -0.029025
  76.0    0.081352   -0.022854
  76.5    0.071567   -0.015895
  77.0    0.065446   -0.008250
  77.5    0.063306   -0.000024
  78.0    0.065410    0.008668
  78.5    0.071960    0.017704
  79.0    0.083099    0.026958
  79.5    0.098904    0.036301
  80.0    0.119385    0.045597
  80.5    0.144485    0.054710
  81.0    0.174080    0.063502
  81.5    0.207973    0.071834
  82.0    0.245899    0.079567
  82.5    0.287525    0.086567
  83.0    0.332452    0.092706
  83.5    0.380218    0.097864
  84.0    0.430305    0.101934
  84.5    0.482143    0.104822
  85.0    0.535119    0.106454
  85.5    0.588591    0.106776
  86.0    0.641892    0.105755
  86.5    0.694346    0.103386
  87.0    0.745280    0.099684
  87.5    0.794035    0.094689
  88.0    0.839977    0.088463
  88.5    0.882508    0.081088
  89.0    0.921076    0.072661
  89.5    0.955182    0.063294
  90.0    0.984385    0.053109
  90.5    1.008306    0.042232
  91.0    1.026633    0.030797
  91.5    1.039120    0.018936
  92.0    1.045586    0.006782
  92.5    1.045918   -0.005535
  93.0    1.040067   -0.017888
  93.5    1.028046   -0.030156
  94.0    1.009927   -0.042221
  94.5    0.985840   -0.053974
  95.0    0.955968   -0.065309
  95.5    0.920545   -0.076129
  96.0    0.879852   -0.086342
  96.5    0.834215   -0.095866
  97.0    0.783997   -0.104627
  97.5    0.729598   -0.112558
  98.0    0.671448   -0.119605
  98.5    0.610001   -0.125722
  99.0    0.545733   -0.130875
  99.5    0.479132   -0.135040
 100.0    0.410697   -0.138206
 100.5    0.340929   -0.140371
 101.0    0.270327   -0.141544
 101.5    0.199384   -0.141745
 102.0    0.128581   -0.141001
 102.5    0.058381   -0.139347
 103.0   -0.010769   -0.136826
 103.5   -0.078449   -0.133485
 104.0   -0.144260   -0.129377
 104.5   -0.207832   -0.124557
 105.0   -0.268823   -0.119082
 105.5   -0.326921   -0.113014
 106.0   -0.381844   -0.106412
 106.5   -0.433341   -0.099339
 107.0   -0.481192   -0.091858
 107.5   -0.525208   -0.084032
 108.0   -0.565233   -0.075925
 108.5   -0.601143   -0.067602
 109.0   -0.632845   -0.059128
 109.5   -0.660280   -0.050569
 110.0   -0.683424   -0.041993
 110.5   -0.702283   -0.033468
 111.0   -0.716902   -0.025063
 111.5   -0.727357   -0.016849
 112.0   -0.733761   -0.008895
 112.5   -0.736262   -0.001271
 113.0   -0.735042    0.005953
 113.5   -0.730319    0.012711
 114.0   -0.722340    0.018939
 114.5   -0.711388    0.024577
 115.0   -0.697771    0.029571
 115.5   -0.681824    0.033872
 116.0   -0.663905    0.037441
 116.5   -0.644388    0.040249
 117.0   -0.623660    0.042274
 117.5   -0.602116    0.043509
 118.0   -0.580152    0.043956
 118.5   -0.558160    0.043630
 119.0   -0.536521    0.042557
 119.5   -0.515600    0.040778
 120.0   -0.495739    0.038340
 120.5   -0.477254    0.035304
 121.0   -0.460429    0.031738
 121.5   -0.445509    0.027718
 122.0   -0.432703    0.023327
 122.5   -0.422174    0.018651
 123.0   -0.414042    0.013783
 123.5   -0.408381    0.008814
 124.0   -0.405218    0.003838
 124.5   -0.404533   -0.001053
 125.0   -0.406261   -0.005768
 125.5   -0.410291   -0.010220
 126.0   -0.416472   -0.014327
 126.5   -0.424610   -0.018013
 127.0   -0.434477   -0.021208
 127.5   -0.445811   -0.023850
 128.0   -0.458322   -0.025887
 128.5   -0.471694   -0.027276
 129.0   -0.485594   -0.027983
 129.5   -0.499675   -0.027986
 130.0   -0.513579   -0.027272
 130.5   -0.526947   -0.025839
 131.0   -0.539419   -0.023695
 131.5   -0.550645   -0.020859
 132.0   -0.560281   -0.017355
 132.5   -0.568004   -0.013218
 133.0   -0.573505   -0.008489
 133.5   -0.576499   -0.003215
 134.0   -0.576726    0.002555
 134.5   -0.573952    0.008764
 135.0   -0.567970    0.015355
 135.5   -0.558605    0.022269
 136.0   -0.545709    0.029445
 136.5   -0.529168    0.036821
 137.0   -0.508896    0.044335
 137.5   -0.484842    0.051924
 138.0   -0.456982    0.059524
 138.5   -0.425326    0.067073
 139.0   -0.389918    0.074507
 139.5   -0.350829    0.081760
 140.0   -0.308167    0.088766
 140.5   -0.262071    0.095460
 141.0   -0.212715    0.101774
 141.5   -0.160306    0.107639
 142.0   -0.105084    0.112986
 142.5   -0.047328    0.117746
 143.0    0.012654    0.121852
 143.5    0.074517    0.125238
 144.0    0.137885    0.127840
 144.5    0.202352    0.129603
 145.0    0.267483    0.130473
 145.5    0.332821    0.130408
 146.0    0.397888    0.129373
 146.5    0.462193    0.127346
 147.0    0.525235    0.124316
 147.5    0.586511    0.120285
 148.0    0.645523    0.115269
 148.5    0.701785    0.109298
 149.0    0.754828    0.102413
 149.5    0.804206    0.094670
 150.0    0.849507    0.086137
 150.5    0.890354    0.076891
 151.0    0.926410    0.067019
 151.5    0.957386    0.056618
 152.0    0.983042    0.045789
 152.5    1.003190    0.034640
 153.0    1.017697    0.023283
 153.5    1.026488    0.011833
 154.0    1.029546    0.000409
 154.5    1.026913   -0.010871
 155.0    1.018691   -0.021887
 155.5    1.005042   -0.032522
 156.0    0.986185   -0.042660
 156.5    0.962397   -0.052190
 157.0    0.934009   -0.061007
 157.5    0.901403   -0.069014
 158.0    0.865007   -0.076124
 158.5    0.825290   -0.082264
 159.0    0.782753   -0.087372
 159.5    0.737925   -0.091406
 160.0    0.691353   -0.094338
 160.5    0.643591   -0.096161
 161.0    0.595193   -0.096886
 161.5    0.546704   -0.096541
 162.0    0.498649   -0.095173
 162.5    0.451527   -0.092843
 163.0    0.405800   -0.089627
 163.5    0.361892   -0.085614
 164.0    0.320177   -0.080899
 164.5    0.280983   -0.075586
 165.0    0.244581   -0.069783
 165.5    0.211189   -0.063601
 166.0    0.180969   -0.057149
 166.5    0.154028   -0.050539
 167.0    0.130419   -0.043876
 167.5    0.110141   -0.037265
 168.0    0.093143   -0.030804
 168.5    0.079326   -0.024586
 169.0    0.068547   -0.018699
 169.5    0.060618   -0.013224
 170.0    0.055315   -0.008234
 170.5    0.052376   -0.003795
 171.0    0.051512    0.000034
 171.5    0.052404    0.003203
 172.0    0.054711    0.005674
 172.5    0.058074    0.007414
 173.0    0.062122    0.008402
 173.5    0.066474    0.008627
 174.0    0.070748    0.008087
 174.5    0.074562    0.006790
 175.0    0.077540    0.004754
 175.5    0.079318    0.002005
 176.0    0.079549   -0.001420
 176.5    0.077903   -0.005478
 177.0    0.074076   -0.010117
 177.5    0.067793   -0.015278
 178.0    0.058806   -0.020895
 178.5    0.046906   -0.026898
 179.0    0.031917   -0.033209
 179.5    0.013706   -0.039746
 180.0   -0.007819   -0.046423
 180.5   -0.032707   -0.053150
 181.0   -0.060958   -0.059831
 181.5   -0.092527   -0.066369
 182.0   -0.127317   -0.072666
 182.5   -0.165182   -0.078619
 183.0   -0.205925   -0.084129
 183.5   -0.249300   -0.089094
 184.0   -0.295010   -0.093420
 184.5   -0.342711   -0.097014
 185.0   -0.392015   -0.099791
 185.5   -0.442495   -0.101678
 186.0   -0.493687   -0.102610
 186.5   -0.545100   -0.102536
 187.0   -0.596221   -0.101423
 187.5   -0.646522   -0.099251
 188.0   -0.695473   -0.096019
 188.5   -0.742545   -0.091744
 189.0   -0.787222   -0.086460
 189.5   -0.829011   -0.080215
 190.0   -0.867446   -0.073076
 190.5   -0.902097   -0.065120
 191.0   -0.932577   -0.056437
 191.5   -0.958546   -0.047125
 192.0   -0.979716   -0.037291
 192.5   -0.995851   -0.027045
 193.0   -1.006776   -0.016503
 193.5   -1.012369   -0.005779
 194.0   -1.012570    0.005008
 194.5   -1.007376    0.015745
 195.0   -0.996840    0.026320
 195.5   -0.981071    0.036622
 196.0   -0.960233    0.046547
 196.5   -0.934538    0.055999
 197.0   -0.904247    0.064885
 197.5   -0.869665    0.073122
 198.0   -0.831136    0.080637
 198.5   -0.789038    0.087368
 199.0   -0.743776    0.093264
 199.5   -0.695781    0.098285
 200.0   -0.645498    0.102405
 200.5   -0.593380    0.105614
 201.0   -0.539886    0.107912
 201.5   -0.485470    0.109312
 202.0   -0.430574    0.109842
 202.5   -0.375626    0.109538
 203.0   -0.321033    0.108447
 203.5   -0.267176    0.106624
 204.0   -0.214404    0.104131
 204.5   -0.163039    0.101035
 205.0   -0.113363    0.097406
 205.5   -0.065626    0.093316
 206.0   -0.020040    0.088838
 206.5    0.023220    0.084044
 207.0    0.064012    0.079004
 207.5    0.102232    0.073789
 208.0    0.137808    0.068463
 208.5    0.170703    0.063091
 209.0    0.200906    0.057731
 209.5    0.228441    0.052440
 210.0    0.253354    0.047272
 210.5    0.275719    0.042274
 211.0    0.295634    0.037492
 211.5    0.313217    0.032968
 212.0    0.328608    0.028740
 212.5    0.341962    0.024839
 213.0    0.353451    0.021297
 213.5    0.363262    0.018136
 214.0    0.371591    0.015378
 214.5    0.378643    0.013036
 215.0    0.384630    0.011122
 215.5    0.389767    0.009639
 216.0    0.394270    0.008586
 216.5    0.398353    0.007956
 217.0    0.402226    0.007738
 217.5    0.406090    0.007913
 218.0    0.410137    0.008458
 218.5    0.414546    0.009344
 219.0    0.419479    0.010538
 219.5    0.425081    0.012000
 220.0    0.431475    0.013689
 220.5    0.438765    0.015558
 221.0    0.447029    0.017557
 221.5    0.456318    0.019636
 222.0    0.466660    0.021740
 222.5    0.478053    0.023816
 223.0    0.490470    0.025808
 223.5    0.503856    0.027665
 224.0    0.518130    0.029333
 224.5    0.533184    0.030764
 225.0    0.548889    0.031911
 225.5    0.565092    0.032734
 226.0    0.581621    0.033196
 226.5    0.598286    0.033265
 227.0    0.614884    0.032916
 227.5    0.631201    0.032132
 228.0    0.647016    0.030901
 228.5    0.662102    0.029217
 229.0    0.676234    0.027084
 229.5    0.689188    0.024511
 230.0    0.700748    0.021514
 230.5    0.710706    0.018113
 231.0    0.718866    0.014337
 231.5    0.725048    0.010217
 232.0    0.729088    0.005789
 232.5    0.730842    0.001091
 233.0    0.730185   -0.003835
 233.5    0.727014   -0.008946
 234.0    0.721246   -0.014198
 234.5    0.712823   -0.019547
 235.0    0.701706   -0.024950
 235.5    0.687879   -0.030365
 236.0    0.671348   -0.035750
 236.5    0.652136   -0.041067
 237.0    0.630288   -0.046279
 237.5    0.605863   -0.051353
 238.0    0.578940   -0.056258
 238.5    0.549611   -0.060964
 239.0    0.517981   -0.065447
 239.5    0.484168   -0.069685
 240.0    0.448301   -0.073655
